Names	Time0-R2	TIME0-R3	TIME0-R4	TIME0-R5	12H-KNO3-R1	12H-KNO3-R2	12H-KNO3-R3	12H-KNO3-R4	12H-KNO3-R5	12H-UKNO3-R1	12H-UKNO3-R2	12H-UKNO3-R3	12H-UKNO3-R4	12H-UKNO3-R5	24H-KNO3-R1	24H-KNO3-R2	24H-KNO3-R3	24H-KNO3-R4	24h-KNO3-R5	24H-UKNO3-R2	24H-UKNO3-R3	24H-UKNO3-R4	24H-UKNO3-R5	48H-KNO3-R1	48H-KNO3-R2	48H-KNO3-R3	48H-KNO3-R4	48H-KNO3-R5	48H-UKNO3-R1	48h-UKNO3-R3	48H-UKNO3-R4	48H-UKNO3-R5	48h-UKNO3-R2	6H-KNO3-R1	6H-KNO3-R2	6H-KNO3-R3	6H-KNO3-R4	6H-KNO3-R5	6H-UKNO3-R1	6h-UKNO3-R2	6H-UKNO3-R3	6h-UKNO3-R4	6H-UKNO3-R5	96h-KNO3-R1	96H-KNO3-R2	96H-KNO3-R3	96H-KNO3-R4	96H-KNO3-R5	96H-U_KNO3-R3	96H-UKNO3-R1	96H-UKNO3-R2	96H-UKNO3-R4	96H-UKNO3-R5
Groups	0H	0H	0H	0H	12H	12H	12H	12H	12H	12H+U	12H+U	12H+U	12H+U	12H+U	24H	24H	24H	24H	24H	24H+U	24H+U	24H+U	24H+U	48H	48H	48H	48H	48H	48H+U	48H+U	48H+U	48H+U	48H+U	6H	6H	6H	6H	6H	6h+U	6h+U	6h+U	6h+U	6h+U	96H	96H	96H	96H	96H	96H+U	96H+U	96H+U	96H+U	96H+U
Maltose	1	2.772243983	3.125049904	2.73656821	3.318451903	3.518903964	3.124068599	3.660117757	3.725349484	3.502411464	2.959630722	3.500001964	3.053403391	0.281100074	5.28084424	4.486782094	4.606425254	4.816787406	5.109239761	2.438270276	2.426312057	2.410248306	0.934528552	1	0.464106544	1.865104409	1.145620629	1.453581499	1.925973745	2.111855143	1.483387237	1.798327278	1.95370198	2.904217213	3.37243629	2.397455062	3.231329322	3.393687429	3.311613642	3.807702278	3.05658404	3.827325269	3.182530577	3.57022307	0.466635976	2.689890985	3.813990508	3.493345326	0.320406432	2.374766057	1.895436062	1.534300215	2.099957754
Phosphorylcholine	2.321622247	3.03564163	3.461720179	2.900785664	3.480579006	2.163894915	3.19463581	3.868431004	4.137818996	3.755574099	3.104800011	4.065256824	3.440533712	3.864561726	5.398758973	4.525597016	4.677304435	5.131493668	5.007962795	2.746683378	2.949819279	3.032427348	2.062714779	2.810730935	2.122382134	2.185749389	3.006327598	2.145686916	2.152176875	1.816496694	1.80933384	2.163375444	2.334010642	3.092252736	3.435868311	3.265819175	3.594915462	3.835089756	3.497992286	1	3.205917263	2.975134671	3.327734683	3.574553241	3.534235906	3.05024969	4.537232562	1	2.756505769	2.710661547	2.204429047	1.803399776	2.521986942
beta-sitosterol	0.392855781	0.416567445	0.451908777	0.387412705	0.4628473	0.470402279	0.223196731	0.484809461	0.266914549	0.311402133	0.224596003	0.572935427	0.269547006	0.502897531	0.474527784	0.472927453	0.4204408	0.480753308	0.165451562	0.503104507	0.495250051	0.522529504	0.644719354	0.596148023	0.55014742	0.470481252	0.480829278	0.260393323	0.384450793	0.363880334	0.305489203	0.335373378	0.377267767	0.327860341	0.274636892	0.402447455	0.467633905	0.257636225	0.443555711	0.484984995	0.436648988	0.468188694	0.425800943	0.427091969	0.498023625	0.414307103	0.296952583	0.473791632	0.323980581	0.398462003	0.326680408	0.249232061	0.364799514
D-Xylulose1	0.712974352	0.778632064	0.794259386	0.74153782	0.850030921	0.943195499	0.817164346	0.945290366	0.908358074	0.875033165	0.747262704	0.841008738	0.781900431	0.782618128	0.943342022	0.852253623	0.864874207	0.860385056	0.904978061	0.774852108	0.781530279	0.762475834	0.448617832	0.704897668	0.227568058	0.80131167	0.493284284	0.847447614	0.993409323	1.048263589	0.76854922	0.911328504	1	0.739279694	0.823359442	0.770677639	0.808989844	0.818007849	0.920595511	1	0.833206564	0.997544877	0.841064923	0.965141448	0.98679252	0.791347063	0.997320387	1	0.895534266	0.969459122	0.790841461	0.610818095	0.828601665
D-Ribose1	1	1.052070279	1.097501998	1	1.057060608	1.19176255	1.047642031	1.176262439	1.12995441	1.410386186	1.196281136	1.329769577	1.198462433	1.224244342	1.386289144	1.230207079	1.25325994	1.236447395	1.326708034	1.019346862	0.995866952	0.988240485	0.679519028	0.609677764	1.67835737	1.208501165	0.663522342	1.306605358	1.351998176	1.444037735	1.03647682	1.220198899	1.392397717	0.929446715	1.02938976	0.957340431	0.98399066	1	0.965447017	1.06327633	0.87529348	1.052952964	0.85788413	1.275481966	1.269356382	1	1.372216475	1.329854764	1.366429573	1.513146978	1.197170823	0.940090831	1.287503824
Pyrocatechol	1.219718196	1.320423285	1.489890834	3.148096723	3.80615689	1.560893364	1.265188401	1.368838924	1	4.717096871	3.539846565	5.010034754	4.220673725	4.378903881	1.845051242	3.434926614	1.377283972	4.226259775	1.705271968	2.971983968	5.05114526	4.192421929	3.571454193	8.006163962	1.406621355	1	8.223483905	2.984350412	2.820149512	1.606348791	1.163967687	1.759754023	3.530135162	1.129542873	3.019371098	1.151544881	1.299869569	3.633578091	3.500749868	3.384133043	3.029316003	1.761045284	1.277102679	2.258618272	1.479081472	3.860411201	3.760102492	3.730556611	1.655473899	2.171057797	1.215126678	1.120769682	1.47557068
6-deoxyglucose	2.050577221	2.516612655	2.848650326	2.100529988	2.519903245	2.689154793	2.107337044	3.101745916	2.786341783	2.895704229	2.560905574	3.387018961	2.8997002	2.95537475	2.628309922	2.390872792	2.653499277	2.649172757	2.527605259	2.557395009	2.908090628	3.002014136	3.691578885	3.974774119	2.562597371	2.945350252	3.749743983	2.46969424	1.842807369	2.275905033	1.716505693	2.618680759	2.241780815	2.331980641	2.305035215	2.364382492	2.60002661	2.762470883	2.592503941	2.850514261	2.280135581	2.537500181	2.555253358	2.957259497	2.837814676	2.574406278	3.374380094	2.60420302	2.701360796	2.264148271	2.16098066	1.731596315	2.527133868
5-Dehydroquinic acid	0.754607846	0.882549509	1	0.788130262	0.877278057	0.926425506	0.813762114	0.957355374	0.943048389	1	0.84930375	0.971646152	0.889099491	0.895883905	1	0.940930192	0.934936044	0.966345885	0.907289566	1	1	1	0.726531812	0.964277306	1	0.973222081	0.599754088	1.043823748	0.775885197	0.605891453	0.609790155	0.698551799	0.592927878	1	1.092585726	1	1.104599586	1.090062239	0.935896177	0.981759375	0.869687369	1.045423993	0.840392546	0.698608426	0.879048717	0.694424062	1	0.858501896	0.974070687	0.960683511	0.83531022	0.653167325	0.90680996
Myricetin	0.446045072	0.613022699	0.592926258	0.475006925	0.607490967	0.518763956	0.434950705	0.611883957	0.596022529	0.579122764	0.491893864	0.665133224	0.586497134	0.60038166	0.635645457	0.510349369	0.56199392	0.598629211	0.57466069	0.583161681	0.766476429	0.745569991	1	1.120506098	0.660723376	0.708950068	0.975907142	0.613942099	0.507218024	0.524692041	0.471254106	0.608727841	0.527063502	0.508119844	0.535385362	0.551466586	0.688906856	0.673790649	0.569272304	0.656063039	0.50256502	0.609510984	0.170202468	0.652440345	0.792630848	0.63503581	0.80201122	0.696883524	0.66186867	0.5771558	0.543978395	0.437973358	0.575719796
Trans-Aconitate	2.077369264	2.130983104	2.367451069	2.105141485	1.538319278	1.835048364	1.67618379	1.816197143	1.760404016	1.998079018	1.616287066	0.442402284	1.688856605	1.737206646	2.710103581	1	2.328524683	2.222121675	1	2.246433612	2.163383564	2.177866859	0.542362873	0.57074814	1	1.078522607	0.662276446	2.125744434	1.979230938	1	1.354859537	1.737823678	2.012802883	1.655681176	2.022229927	1.726059485	1.788019285	1.893763893	2.149241914	2.287877635	1.963914415	1	1.786540442	1.998004037	1.970730047	1.759213436	2.238923211	2.25685934	2.011548986	2.490788212	1.714958867	1.407686142	0.371813242
digalacturonic acid2	0.683035265	1.505362002	1.673525071	1.139840079	1.043308956	0.944227937	0.618168102	0.780628644	0.724753749	1.737218216	1.422231577	0.598513647	1.991957378	1.945186139	0.906654079	1.055303704	0.934539451	1.127590978	0.680537134	0.818629938	1.39457566	1.115379459	0.515767417	0.533522633	0.66512795	0.781020611	0.491267961	0.69053269	0.901253294	0.963257351	1	0.940722447	0.978332058	0.865751044	0.972025014	0.804807092	1	0.692651039	0.882924289	0.904458265	0.82766043	0.954768955	0.690389975	0.801049957	0.803970005	1	0.831260015	0.760976725	1.369642963	1.05569502	0.987172716	1	1.184948529
Spermine	0.153972472	0.182668835	0.329300852	0.328853642	0.36004981	0.678803554	0.241763461	0.399421298	0.864371652	0.990452697	0.86677912	1.001135601	0.898775672	0.868692355	0.522525843	0.668084222	0.737318951	0.329785224	0.199069078	0.70213794	0.352331648	0.757106511	0.452977627	0.46461122	0.832578191	0.323306433	0.355356812	0.539435628	0.745288872	0.228200623	0.161754946	0.390108482	0.529468928	0.70382364	0.552844061	0.762636255	0.366608028	0.790696815	0.893318881	0.483861623	0.689544334	0.339330815	0.367925713	0.221241512	0.192099097	0.384782956	1.17179038	0.508232534	1	0.417324848	0.375145413	0.722710975	0.318456502
Palmitic acid2	0.733532805	0.8068581	0.821088571	0.713989003	0.791951378	0.846735253	0.748254553	0.85784466	0.8475073	0.878046405	0.786126644	0.906276043	0.836865902	0.798099878	0.968388097	0.856445239	0.875699708	0.896270498	0.957790881	0.834014325	0.874914286	0.840671148	1.110164973	1.080196012	0.821420082	0.756635641	0.526985312	0.912203698	0.863766438	0.944000009	0.727671869	0.818460779	0.870503316	0.746792929	0.83704438	0.790425199	0.839414462	0.818089924	0.874953636	0.934487485	0.81055073	1	0.798231539	1	0.978951346	0.808244999	1.071230354	0.978465461	0.840447139	0.92391504	0.740120204	0.592238686	0.778247877
Palmitic acid	1.094501986	1.737942294	1.353834639	0.44464353	1.482028618	1.069519501	1	1.454574092	1.12004584	0.981935752	0.905921083	0.945880698	1	1.270784024	0.540332406	1	1	1.983779711	1	0.991520676	1.326371239	0.970501154	3.104458692	3.378935175	0.911120075	1.843765983	2.64239456	1	1	1	1.573659132	1.636391493	1.229850608	1.21363382	1.135408119	1.009383366	1.64406917	1.167656372	1	0.956792056	1.008957327	0.6188254	1.662577472	0.613628365	1	1.572932005	1.302304065	1.317191379	1.270315815	1.294410638	1	1.016373259	1
D-Panose	0.674894956	0.792466999	0.819465802	0.633607239	0.786759583	0.760152997	0.636672072	0.839305859	0.816082848	0.923010984	0.798746621	1	0.881041525	0.870748508	0.80930229	0.756392747	0.772640711	0.848550536	0.809995557	0.761228119	0.818874458	0.828612918	1.16250217	1.145240389	0.811330018	0.772025497	1.010737805	0.748847058	0.786296532	0.829990039	0.660184039	0.807141211	0.792582988	0.629758102	0.720002201	0.689910877	0.805107071	0.805865903	0.833398347	0.815902515	0.734507155	0.820751187	0.773841183	0.831374554	0.879365785	0.69632916	0.900650158	0.752664754	0.779452659	0.732165671	0.674654846	0.542927301	0.764560588
L-Tyrosine3	2.654652606	2.017614283	2.080781038	2.407148912	1	1.988306107	1.98988024	1.710125892	1.811808867	1.389045564	1.704529976	1.951432487	1.833259907	1.822687529	2.650830198	2.104162441	2.270768691	2.088970771	3.292906802	2.25864273	1.407113002	2.144086936	1.29134613	0.42463522	1.603812937	1.86795224	0.285993957	1.259008802	1.964991373	0.254188183	1.347735585	1.718717744	2.231054427	1.706838766	0.131815691	1.712467901	1.61723076	1.806611399	1.970269314	2.720504649	1.78036063	2.787393322	1.682681612	0.281947586	1.678021446	1.488022578	1.552092895	2.680519784	2.198111523	2.685503144	1.596631904	1.50164756	2.07751764
isohexonic acid	2.124384437	2.747331586	3.029173638	2.40362453	2.124304429	2.208262313	1.951005406	2.393270888	2.128521729	2.45323147	1.990012142	2.375030222	2.164524525	2.242704963	3.205929835	2.961065201	2.72620165	3.027011931	2.576578271	2.692237752	2.95802466	2.774546145	1.114133429	0.906997454	2.325692989	2.40939974	1	2.567206041	2.394809759	2.125393045	1.982453269	2.321598098	2.391663689	1.940640602	2.351051171	2.042197416	2.371477907	2.350762478	2.485120702	2.653679342	2.362140036	2.699430477	2.438349216	2.132553119	2.695680604	2.250833001	2.871728322	2.498983931	2.658474791	2.937321051	2.443744023	1.846697805	2.557584194
Indoleacetic acid	2.140357852	1	0.572144471	2.45205584	0.829386919	2.430507168	2.311290529	0.958522779	2.88930026	0.611210066	0.918727641	3.86225651	0.756676902	3.412369713	0.599406863	1.022818755	2.682110639	0.98559006	1.04026195	2.732237744	0.975534542	1.122098181	3.180991164	2.824887962	2.934524159	3.361867947	6.328910607	0.9715411	0.970297313	1.092423926	0.734277276	0.847699857	0.53595071	1.986794867	0.775351111	2.177526638	0.895269	0.702414715	2.839527567	3.291612926	2.453583043	3.013251028	2.995878908	2.197393794	1.143406176	1.145586537	0.745822293	3.397148927	0.788321066	0.616520112	1.265316206	2.19505949	2.884985098
Tryptamine1	0.413749086	0.416774551	0.482109977	0.4309336	0.567822583	0.393851268	0.392840963	0.508465074	0.504528191	0.571553092	0.559788937	0.17163564	0.516480013	0.553971069	0.42232771	0.518935648	0.6902477	0.177503229	0.431662615	0.72037302	0.469929379	0.491948958	0.974030237	1.052787076	1.081101656	0.476071675	1.50332664	0.495309405	0.155308903	0.510218699	0.385815723	0.560895279	0.471974785	0.650263037	0.454084553	0.437918141	0.571296723	0.501286243	0.674027686	0.546541018	0.501283311	0.513913243	1	0.492041626	0.731637832	0.497295047	0.794336876	0.552254857	0.502971831	0.474203673	0.240665296	0.144946233	0.184513598
3-Nitro-L-Tyrosine	1.814749207	0.611549721	1.784977577	1.775545094	1.787504143	2.121001506	1.371250777	2.106835119	2.099085488	1.711716798	1.461107765	1.225399707	1.193650937	1	2.2258878	1.975390938	1.862937104	0.616698759	1.433742757	0.627912731	1.911072256	1.941993958	1.03854057	1.849464042	1.971204734	2.031578226	1.237168137	2.141728075	1.769241532	2.219785761	1.241088338	1.500664518	1.900742884	2.020052824	2.339116695	2.083115137	2.006033029	2.197009786	1.874337216	2.455480575	1.826926959	2.530848774	1.722357377	1.73239902	1.775168222	1.515652941	0.941295485	2.211099525	1.409555538	2.325018033	1.579814184	1.408580796	1.765498633
"3-Amino-2,3-dihydrobenzoic acid"	2.050577221	2.516612655	1	2.100529988	2.519903245	1	2.107337044	3.101745916	2.786341783	2.895704229	2.560905574	3.387018961	2.8997002	2.95537475	2.719228578	2.393627256	2.653499277	2.653989445	2.527605259	2.557395009	2.908090628	3.002014136	3.691578885	3.974774119	2.562597371	2.945350252	3.749743983	1	1.91092646	2.749343023	1.78105836	2.623315601	2.241780815	2.331980641	2.305035215	2.364382492	2.60002661	2.762470883	2.592503941	2.850514261	2.280135581	2.537500181	2.555253358	2.963564973	2.837814676	2.574406278	1	2.60420302	2.701360796	1	2.16098066	1.731596315	2.527133868
D-Trehalose3	0.111601455	0.378833314	0.361194909	0.217868945	0.387019004	0.368884489	0.243105951	0.282446347	0.403235632	0.199017701	0.108045597	0.282481362	0.220950208	0.212534234	0.207931001	0.306024913	0.264204613	0.390878993	0.271306406	0.271591336	0.257028875	0.234116513	0.255239353	0.217869566	0.474154289	0.329072388	0.169341063	0.256796742	0.323606726	0.292584588	0.336479108	0.21876509	0.238789205	0.168539069	0.202231081	0.256036874	0.315264712	0.283518977	0.333200292	0.283127327	0.309220355	0.277308061	0.382011145	0.326678021	0.221344753	0.207588632	0.314568084	0.259505396	0.208249135	0.222839639	0.267783745	0.176367684	0.227756079
Hypotaurine	1.003248209	0.831085098	0.853298601	0.713419536	0.740020984	1	0.574925813	1	0.795603615	0.95722458	1	0.971842297	0.915575966	0.867847779	1.107288053	0.835756147	0.847785161	1	1.084542371	1.057827461	0.814792112	0.819840308	0.669052939	0.801514063	1.063158708	0.793203005	7.952998656	1.043838608	1.119702833	1.143634973	0.862957147	1	0.938580746	0.905886944	1	0.925170638	0.817037509	0.98467866	1.102264399	1.276383844	1	0.821140218	1	1.124526639	1.083426132	0.712604109	0.987456527	0.883002369	0.865368207	1	0.890007358	0.709511175	0.851693206